1 113.951500 99.829559 -146.168578 -77.120120 -1.018008 -48.679892 59.205567
1 131.206208 34.898887 -109.062195 -51.034197 -5.176582 -33.217695 32.385591
2 -21.585022 106.632185 -39.922475 -26.900199 -3.836818 -9.840530 -4.547125
2 68.076776 117.810836 -132.723219 -57.461005 5.323594 -33.815006 32.788055
1 94.829300 49.913059 -65.357189 -49.788057 -11.922023 -33.321225 15.646160
2 -32.319000 102.126835 -38.310275 -3.126120 1.417848 -1.834565 -27.954711
1 118.324799 80.846159 -145.478434 -54.814533 1.979531 -44.911865 44.054362
1 149.638498 14.172509 -91.509081 -58.055054 -12.331148 -35.869991 33.954296
1 128.221786 86.613902 -141.332415 -72.862212 -3.360305 -51.767842 54.487102
2 -48.952392 106.978344 -17.505720 1.165141 -2.345917 -2.179225 -37.160219
2 31.115799 69.201424 -39.725450 -21.075926 -12.025994 -17.249907 -10.239925
1 89.540994 55.664271 -94.117231 -50.440522 -5.269577 -35.788316 40.410392
1 211.840691 -2.865746 -166.020827 -66.529284 -8.175915 -48.915085 80.666189
2 78.737622 117.152138 -149.294866 -54.147138 8.482821 -40.822280 39.891723
1 117.492760 72.052371 -120.772806 -60.115185 -2.088318 -40.055611 33.486819
1 80.752422 21.374010 -39.369182 -37.064646 -8.787808 -16.327702 -0.577069
1 185.678568 61.703037 -186.848296 -69.734463 -2.925637 -56.278429 68.405244
1 130.849439 78.403768 -168.206100 -53.368853 5.779331 -44.422949 50.965382
1 154.404264 60.819976 -152.350946 -68.731622 -1.088337 -51.237442 58.184124
2 40.312257 124.508221 -129.053682 -41.979947 9.663860 -29.682763 26.232077
2 102.661861 108.661310 -158.881063 -63.960972 7.366642 -45.348020 49.500270
2 -59.441505 97.171831 -16.434252 3.406867 -3.909445 9.024931 -29.818412
2 65.446716 71.462286 -65.287631 -44.426593 -11.642011 -29.515411 13.962670
2 -36.229378 87.567751 -0.021809 -8.354837 -7.703421 -4.990417 -30.267879
1 127.974928 44.771393 -111.856470 -39.980519 -7.109328 -36.944706 23.144721
2 12.593273 110.462492 -86.586194 -25.039374 4.405286 -16.519583 0.684118
2 22.245333 90.460867 -29.614221 -45.915565 -10.093558 -24.897580 -2.185255
1 156.213406 74.516372 -179.707625 -60.683255 2.780075 -50.715535 57.596584
1 145.779776 46.985180 -141.246524 -60.016790 -1.012066 -36.857039 46.367488
2 13.356835 79.568130 -53.284695 -21.876814 -7.783130 -9.821204 -0.159103
1 127.434847 12.323674 -55.717267 -53.377689 -12.328210 -32.301692 13.966360
2 24.197034 83.867690 -57.626029 -20.650119 -5.499760 -19.331690 -4.957115
2 74.321184 136.653297 -194.781107 -55.866102 17.953433 -41.080642 62.799955
1 171.392977 44.250556 -143.040549 -58.704806 -6.200826 -49.594110 41.896780
2 35.538834 111.088681 -108.967597 -42.823802 8.626376 -24.035866 20.573400
2 16.333074 96.906590 -59.514519 -20.281976 -4.417235 -21.277839 -7.748083
2 -11.041201 94.003171 -12.998478 -30.139203 -8.695500 -11.148150 -19.980614
1 220.727939 -10.356314 -153.664230 -67.599551 -9.508374 -51.991927 72.392474
1 123.655424 47.982004 -106.532899 -55.962920 -10.674520 -45.200125 46.733055
3 -286.804715 93.876958 181.141643 74.134668 0.204623 79.805216 -142.358380
1 95.983669 50.640552 -103.969576 -44.825903 0.111320 -37.739534 39.799482
2 36.637725 149.481621 -172.954547 -43.300175 19.541241 -30.955090 41.549247
1 79.181390 51.442179 -62.293535 -44.881177 -10.177808 -29.159963 15.888939
2 -82.085061 53.133188 33.419712 22.570315 -3.017433 31.483196 -55.503900
2 57.470603 86.154915 -95.340744 -38.831434 -2.869398 -32.746227 26.162296
3 -228.555861 77.161768 130.044090 70.292695 0.427561 66.771518 -116.141763
2 72.847764 124.744090 -169.484797 -55.464408 12.516450 -38.765136 53.606057
2 106.559803 110.600931 -168.542425 -63.793995 8.460514 -45.510361 52.225562
2 -20.082965 87.751836 -21.957764 -8.665331 -1.427239 -3.414248 -32.204275
2 -16.917676 123.793832 -87.681081 -14.398495 8.650950 -8.103459 -5.344054
1 154.962887 56.662744 -149.951205 -65.977398 -3.023782 -51.072360 58.399133
2 49.467799 78.270441 -49.756629 -45.758184 -12.675905 -27.305278 7.757783
1 138.462012 51.597014 -128.549856 -52.642737 -4.463811 -41.358067 36.955465
2 -31.103019 108.942731 -31.096677 -14.808022 1.790789 -6.481183 -27.244599
1 110.594544 79.758214 -143.824356 -51.923915 4.268790 -44.038964 45.165698
1 89.180172 64.890808 -82.809325 -47.327471 -11.746446 -33.382820 21.195108
1 131.659965 40.695310 -135.390932 -47.641739 -0.862139 -33.738771 45.278324
2 -61.060818 130.680098 -57.743368 -0.033852 9.405200 6.160926 -27.408167
2 -37.600875 113.743316 -58.211964 -3.028313 8.956086 -0.499768 -23.358468
2 -25.962752 86.927389 -10.840857 -8.856680 -4.408264 -3.931957 -32.926869
2 9.801127 116.382328 -86.482859 -26.617029 5.129522 -16.856952 -1.356119
2 -9.500295 89.514976 -24.770741 -16.081558 -8.066933 -11.541512 -19.553920
1 164.426446 47.804544 -148.294871 -61.425071 -8.968685 -53.972830 60.430484
2 -30.943315 87.336190 -26.178018 -7.169650 2.908237 -5.564789 -20.388652
2 -37.909264 100.207725 -41.163805 -4.440454 0.628527 -4.483983 -12.838737
2 21.567700 125.649254 -108.582086 -32.091665 9.073072 -27.885253 12.268991
1 78.993621 71.785250 -90.739780 -38.747270 -1.784270 -28.854143 9.346613
1 114.857303 26.311351 -93.566092 -50.096425 -5.561327 -25.687893 33.743104
1 166.063348 12.852590 -124.609180 -59.162984 -3.863124 -37.562189 46.281567
2 -90.987754 97.962567 23.435725 12.876192 -4.311640 11.870112 -50.845190
2 35.697863 91.774028 -67.999832 -26.507666 -4.858352 -25.513469 -2.592558
1 120.355684 53.592544 -106.301958 -58.032704 -9.275413 -42.056688 41.718552
1 88.832563 51.174651 -86.191177 -34.299766 -9.116640 -29.188057 18.788443
2 -69.558182 132.550468 -46.424030 -0.258816 9.876258 5.910865 -32.096546
2 24.260215 83.520695 -75.250620 -25.893019 -2.587120 -19.678809 15.628669
2 71.727007 87.163433 -106.546325 -40.926850 -1.195632 -31.597303 21.375690
1 167.266284 46.513867 -143.172974 -73.736944 -10.937238 -53.614577 67.681614
2 31.955897 128.779275 -123.375951 -38.452493 9.847548 -28.196607 19.442348
2 -44.314415 81.342256 -8.173700 -6.792994 -2.989006 -3.111574 -15.960564
3 -207.396197 58.993442 159.130620 39.404757 -7.904551 67.198833 -109.426877
2 78.693631 100.746126 -138.314227 -47.759624 6.122073 -34.010243 34.522290
2 57.666476 134.346047 -145.052050 -58.011400 9.928978 -35.428182 36.550163
1 125.826282 103.236949 -192.280639 -64.416394 8.478117 -48.507248 67.662956
1 79.015820 53.595974 -69.771501 -42.809054 -10.700829 -31.233435 21.903038
2 20.062180 98.713583 -57.253003 -34.091563 -7.613865 -21.206895 1.389580
2 62.133349 78.653987 -95.808125 -38.751748 -3.926366 -29.987408 27.686323
2 70.718750 115.465774 -124.784709 -58.888803 3.305337 -35.536948 29.720629
1 81.404546 71.549553 -59.526012 -57.502655 -12.504764 -36.031208 12.610566
2 48.149905 62.333797 -41.718339 -36.277303 -12.133248 -20.733629 0.378844
2 -2.762038 122.555052 -90.815166 -31.341145 7.692916 -14.499748 9.170150
1 265.820231 34.083857 -198.022662 -103.597699 -11.793098 -75.408120 88.917532
1 121.652086 106.088803 -175.274044 -66.920563 6.936447 -49.755239 57.272533
1 167.038122 52.291896 -107.234221 -85.316244 -16.967719 -59.715086 49.903280
2 -130.149915 120.375214 21.988109 21.941925 1.894874 20.530725 -56.580921
1 139.127484 43.715369 -96.295889 -72.172313 -13.500751 -48.366670 47.492795
2 -50.793370 132.433607 -53.950726 -12.266280 9.855881 -4.948539 -20.330557
1 129.988708 92.858623 -157.467293 -69.398085 1.657724 -50.421969 52.782322
2 -147.611080 103.227655 72.041366 27.571556 -6.406458 31.029562 -79.852584
1 135.989746 37.108571 -127.245699 -54.972253 -0.867597 -48.811484 58.798722
2 -120.240114 117.685240 21.617871 18.345190 -0.437457 18.735803 -55.706517
2 80.392582 118.583678 -169.566869 -52.463475 11.262296 -35.847903 47.639711
2 -56.652075 94.893234 -4.066137 4.998526 0.995221 2.783550 -42.952311
2 43.461601 134.754159 -156.700233 -49.470056 16.004923 -32.774667 44.724289
3 -98.095243 48.346495 65.700700 24.427595 -5.731521 34.890401 -69.538405
2 56.596282 84.673214 -97.590702 -34.838721 3.699396 -30.855144 18.315688
2 -39.647911 103.922545 -35.388982 -15.002189 -1.498721 -3.231921 -9.152808
1 69.573641 58.758940 -59.405973 -47.015564 -10.606451 -29.301178 17.996610
1 160.640872 30.992208 -119.940609 -56.959175 -14.188675 -46.865662 46.321061
3 -189.245475 78.001057 92.797581 56.727390 -0.211583 59.168258 -97.237213
1 122.928608 66.677649 -121.127004 -71.946034 -6.214505 -46.518979 56.200291
2 95.174809 123.600787 -170.702659 -68.906030 13.417071 -46.176694 53.592741
2 0.540204 132.441282 -108.832451 -28.375846 12.129544 -19.103429 11.200712
2 40.160003 75.224480 -53.748854 -30.763067 -8.548559 -20.056666 -2.267313
1 121.981961 65.855953 -141.840281 -45.020559 1.790495 -39.853309 37.085757
2 12.331045 111.070027 -94.260069 -23.894858 5.624813 -15.186876 4.315938
2 44.641078 80.747711 -71.310805 -33.478236 -6.692394 -25.857038 11.949698
1 157.313196 83.530880 -201.165309 -60.472555 5.968726 -50.168916 64.994003
1 116.924488 75.028113 -116.180554 -60.062436 -10.945038 -43.444109 38.679558
2 5.372756 103.691909 -67.092257 -20.644093 -0.217448 -17.080879 -4.029975
2 39.363999 100.783085 -89.346706 -31.625413 -0.809931 -25.511673 7.146656
2 89.039856 114.218071 -159.915542 -59.996886 9.432831 -41.570594 48.792289
1 142.992990 88.043779 -183.805172 -70.399672 4.665656 -51.858211 70.360655
2 21.556417 139.717794 -135.265283 -39.274226 13.597694 -22.243552 21.911183
1 175.802003 14.391789 -146.503600 -65.600560 -5.532776 -37.273529 64.716702
1 84.526272 69.935596 -81.962319 -52.753962 -8.380700 -33.775946 22.411084
2 15.463451 105.700201 -75.263486 -32.115675 -3.929747 -17.852540 7.997815
1 105.759173 46.369799 -78.757816 -47.810197 -11.969898 -34.709253 21.118219
2 69.625895 103.731314 -132.354254 -39.932434 5.437857 -33.877812 27.369456
2 -47.427610 106.786149 2.936515 -24.196449 -6.011988 -3.776929 -28.309665
3 -138.721787 46.142584 108.317844 25.573628 -6.281324 44.646209 -79.677136
3 -112.364336 54.519977 71.092977 26.206254 -4.202296 37.554372 -72.806927
1 132.317033 56.999126 -115.710634 -60.410951 -3.313186 -37.848565 27.967204
2 -45.592512 105.673212 -34.961272 -9.606651 5.853358 -2.274705 -19.091418
2 -72.792734 103.408206 -10.804364 5.758097 0.140577 5.505190 -31.214963
2 -51.649358 38.270683 21.659286 -1.113362 -4.642076 24.041899 -26.567055
1 143.599499 71.237284 -121.312952 -87.218469 -9.672905 -55.228097 58.595667
3 -170.807721 62.026593 124.043931 31.507674 -7.519103 56.020973 -95.272320
2 -201.095088 112.133379 110.042834 38.504477 -4.282724 41.648541 -96.951407
2 -1.658741 104.660090 -53.460877 -25.631252 -3.626078 -15.593879 -4.689243
1 116.410180 106.416941 -178.756024 -61.573800 7.156519 -45.971016 56.317223
3 -113.508308 55.500085 74.120230 21.098285 -3.572889 37.151482 -70.788863
2 -52.287308 99.933377 -20.458926 -0.816135 -1.466289 2.433923 -27.338625
2 -7.172933 101.803915 -50.941332 -19.168437 -1.245569 -15.343098 -7.932540
2 -99.883968 122.844134 4.404420 13.267273 4.308598 10.541696 -55.482138
2 -24.255204 96.142124 -36.355759 -8.910753 -2.919779 -5.658273 -18.042340
1 177.413987 63.024747 -171.749630 -77.347728 -5.312525 -60.629043 74.600207
2 20.772599 79.880039 -44.463420 -28.047760 -7.718946 -16.002114 -4.420374
2 45.447804 89.894490 -75.280148 -42.602142 -5.353070 -28.558483 16.451570
2 -68.828336 115.595073 -2.554989 -10.571638 3.288498 1.901061 -38.829646
1 103.374882 84.963137 -125.598353 -49.027900 -0.130686 -43.756668 30.175604
1 66.789808 64.442897 -65.752780 -41.572365 -11.118137 -27.101031 14.311636
2 -49.814622 100.905161 -21.172663 -2.429410 -2.023665 1.291737 -26.756522
2 16.915722 75.119069 -30.753541 -13.307891 -10.242919 -15.980914 -21.749512
1 116.238411 13.857826 -76.784785 -39.388491 -9.502560 -23.021849 18.601474
1 177.286536 3.437702 -125.780777 -56.485935 -9.120474 -36.380452 47.043424
2 22.819928 101.922617 -83.228508 -26.360701 1.273698 -16.972612 0.545598
1 119.052915 66.095227 -126.368259 -44.913653 -4.736946 -37.423334 28.294072
1 134.703112 49.643049 -116.593272 -62.334367 -5.460682 -41.244595 41.286775
2 6.414383 125.747275 -109.679108 -28.074180 11.785640 -20.907713 14.713716
1 151.963672 -4.490433 -81.280554 -53.995893 -10.506526 -31.420008 29.729770
2 -107.618342 93.299948 74.557753 20.666217 -14.311468 16.144705 -82.738796
2 -128.616198 104.856995 40.306310 21.911197 -0.928165 19.423412 -56.953545
2 1.140784 76.636697 -24.341748 -22.376955 -10.170790 -9.727956 -11.160014
1 201.147030 -2.292711 -132.552341 -71.617544 -8.767819 -45.856465 59.939881
2 8.075677 127.969776 -114.364288 -27.374857 11.539562 -18.170544 12.324691
2 15.050665 83.357276 -58.187374 -23.895449 -2.987892 -17.382093 4.044882
1 78.041222 68.383852 -95.158109 -37.453318 -6.320919 -31.705204 24.212494
1 142.255942 84.419373 -166.647534 -61.569325 0.634575 -51.848940 52.755931
2 70.809666 141.512777 -187.843589 -59.709257 15.171053 -36.401586 56.460959
1 297.011771 10.146064 -206.245579 -114.386864 -14.353711 -84.103531 111.931892
2 -93.665116 122.274542 3.293324 11.544091 1.998541 13.163740 -58.609101
1 160.128780 45.589336 -129.213663 -76.322996 -9.073021 -53.770188 62.661778
2 -70.019939 96.084438 16.303495 10.424679 -3.382498 7.766430 -57.176595
2 -54.960856 109.909128 -26.977161 5.016465 2.311042 2.337994 -37.636597
1 130.149796 77.182906 -138.929382 -64.600225 -7.542400 -47.741388 51.480721
2 66.399557 78.948459 -73.742339 -50.907181 -8.300360 -29.339928 16.941819
2 -27.745013 104.876038 -49.236923 -12.849210 -0.293559 -6.142947 -8.608369
1 92.050319 79.273514 -132.400648 -37.521744 3.503455 -33.104890 28.200011
1 131.416400 71.087606 -125.251232 -67.864962 -8.692195 -47.053735 46.358140
1 187.685000 27.340081 -124.817711 -70.285162 -11.114619 -53.280756 44.473197
2 -42.549090 106.224900 -21.274798 -8.025225 -1.003567 0.360318 -33.732521
2 -58.870934 117.115587 -13.569878 -13.265050 -2.247833 -2.245272 -26.916605
1 152.765701 40.650436 -117.254635 -63.817070 -10.687170 -44.900702 43.243476
2 20.293865 134.534864 -128.949370 -35.659502 13.889328 -28.356802 24.247629
1 92.243201 42.020010 -58.567395 -40.473792 -14.018850 -30.289648 9.086497
2 40.803055 103.683206 -88.021512 -40.508791 1.071531 -26.554454 9.526993
2 55.617890 64.097855 -23.794846 -51.360162 -17.216055 -27.716927 0.372272
1 96.721960 87.831918 -137.216753 -45.416996 0.348153 -37.311026 35.042763
2 16.378929 87.561177 -57.618733 -20.771384 -6.850835 -16.896508 -1.802629
2 11.810220 110.915014 -70.824344 -38.784780 2.549691 -19.343815 3.678043
2 -36.077104 113.917210 -53.414233 -2.264976 5.119915 -6.813262 -20.467541
1 153.412324 68.179879 -144.678610 -74.175848 -6.840069 -55.228365 59.330713
2 -25.860342 82.122043 -22.674712 -12.185880 -7.506406 -1.392615 -12.502073
2 23.759840 122.662989 -101.363296 -44.682948 7.193532 -24.874578 17.304488
3 -258.269039 75.443813 180.575379 63.027244 -2.852781 74.047999 -131.972600
1 117.153453 84.677261 -117.895764 -69.339837 -4.369657 -48.727249 38.501824
3 -152.829403 48.372837 102.349750 35.625463 -5.326665 50.404282 -78.596254
1 163.705928 50.511957 -148.058494 -75.620647 -7.878346 -54.396653 71.736283
2 -9.629411 104.722895 -71.576917 -13.153923 6.280112 -14.777313 -1.865438
3 -246.501478 74.849286 150.371038 73.064253 0.066116 70.574636 -122.423849
1 109.997966 41.578745 -101.535541 -41.914352 -3.863018 -27.158978 22.895196
2 57.940881 129.726316 -172.915137 -40.730874 13.252561 -26.980752 39.707030
3 -206.221208 70.113219 130.003734 60.968863 -2.836324 62.326954 -114.355222
2 97.874794 102.996233 -164.161323 -49.799314 6.308045 -41.596576 48.378163
2 -20.255523 98.541807 -42.282339 -15.203149 3.893747 -10.334272 -14.360260
2 66.128657 66.483130 -63.067162 -36.301650 -12.775382 -28.177344 7.709774
2 -150.859604 109.709680 63.453978 32.693965 -4.138195 27.368084 -78.227896
2 47.870102 93.321064 -100.850815 -40.000468 2.280194 -31.065891 28.445821
2 49.134096 104.730677 -99.378351 -45.556235 -0.052687 -30.380174 21.502689
2 6.988526 90.536461 -43.354340 -31.031358 -5.353936 -17.228525 -0.556806
1 152.972444 2.722443 -83.263013 -65.874730 -9.923412 -35.914304 39.280599
2 26.262867 128.936618 -118.945469 -35.538010 9.596685 -26.056279 15.743606
2 -2.697809 86.009832 -29.856182 -26.163162 -6.279676 -11.702387 -9.310595
3 -57.508398 25.194703 62.850361 -1.540568 -8.556069 22.633295 -43.073306
2 -21.649117 110.400658 -54.384591 -11.376413 2.255536 -7.449672 -17.796385
1 95.427188 80.009779 -111.324792 -48.439458 -8.596250 -37.445438 30.368990
2 -33.396443 109.995890 -30.808483 -24.898488 -1.656097 -9.789979 -9.446379
2 70.518754 135.075225 -184.742935 -50.335140 14.850493 -34.643594 49.277221
2 70.359801 99.029241 -104.937733 -56.366641 1.316511 -35.857312 26.456161
2 35.136926 51.679407 -40.750502 -22.276869 -2.776816 -10.623453 -10.388679
1 206.388745 71.448010 -219.968726 -97.762741 -0.478423 -69.972071 110.345239
2 31.703425 102.181678 -104.081258 -23.718381 3.329370 -17.381169 7.966355
2 41.821584 106.725580 -91.767826 -46.211708 2.784213 -27.685552 14.333738
3 -114.142026 35.291259 106.484898 19.348530 -10.663631 40.250336 -76.569343
2 -72.065945 117.892435 -23.330443 8.332643 4.953351 6.083715 -41.865743
2 5.566371 103.306537 -73.610324 -17.865494 2.497424 -13.459308 -6.435190
2 75.598418 104.683181 -136.535779 -43.892867 4.464565 -34.765625 30.448129
3 -104.672877 41.521718 94.850377 12.854149 -11.649412 39.433951 -72.337876
2 -12.092210 92.326351 -37.447423 -16.656093 0.446059 -9.097503 -17.479170
1 99.048259 98.516459 -128.975105 -66.821208 0.580016 -42.119105 39.770717
2 82.529005 82.546519 -108.888094 -46.944783 -0.128034 -31.148370 22.033785
1 95.655303 92.317007 -139.748959 -46.882868 3.395655 -35.156748 30.420639
2 -27.354435 123.115779 -55.099995 -28.345594 -0.028222 -12.535198 0.247677
2 119.029698 122.867348 -193.717038 -71.039821 10.997426 -51.979211 63.841622
1 117.267698 94.828425 -171.758649 -57.547645 6.753757 -42.824170 53.280604
2 58.096418 134.127377 -150.240782 -63.647202 12.875729 -36.960923 45.749411
2 -121.211600 91.012295 46.361098 12.696300 -1.861037 19.652888 -46.649943
1 169.017064 36.738577 -158.008504 -63.827040 -2.155040 -53.107061 71.342019
1 119.273879 116.521970 -198.824819 -69.111279 11.728148 -50.438975 70.851096
2 75.670029 111.725308 -144.154548 -53.100412 8.376084 -41.983494 43.467045
2 -75.819936 110.445556 -5.251233 -0.439036 5.528279 3.770817 -38.234436
2 8.947892 83.679285 -40.088754 -26.103960 -5.565529 -15.502604 -5.366318
2 38.344454 106.268168 -89.541960 -41.470933 3.149222 -27.699512 10.950586
1 162.583614 44.527832 -159.979199 -65.325998 -1.664503 -50.894021 70.752295
1 125.913411 37.947667 -82.364040 -55.159121 -13.258948 -39.856848 26.777905
1 164.146090 54.802002 -156.191453 -74.844438 -3.175105 -54.308921 69.571855
2 8.098397 75.296022 -18.157980 -26.772863 -12.309495 -11.821913 -14.332141
1 140.258894 71.685453 -151.785262 -56.991730 -2.081505 -47.690026 46.604200
2 -12.158880 109.702577 -63.692551 -10.937629 2.637399 -9.451435 -16.099462
1 134.863302 49.507152 -117.535977 -58.451335 -7.947947 -43.839751 43.404581
2 -49.487872 120.427206 -39.837045 -7.023248 6.112154 -3.543432 -26.647750
1 192.506182 74.981638 -209.960116 -95.175049 0.016315 -67.167434 104.798496
2 72.963833 91.913352 -123.836554 -43.294000 6.106610 -35.750963 31.897735
1 150.923075 78.633270 -159.770939 -75.432910 2.152618 -55.389619 58.884534
2 -19.453102 100.451029 -45.976569 -7.012284 0.742806 -6.325735 -22.426130
2 -51.958683 120.421586 -44.164645 -1.864115 6.551136 0.448310 -29.433575
2 64.626294 97.729904 -109.414290 -47.330060 3.774322 -33.880090 24.493945
2 31.291903 74.765229 -68.792205 -26.666109 -2.174972 -23.925508 15.501667
1 164.333255 81.261726 -203.326169 -62.829402 4.855753 -50.402299 66.107162
1 155.665396 77.646081 -168.824972 -70.387523 1.293938 -52.168565 56.775667
2 45.479526 60.804343 -50.596910 -29.610362 -7.931623 -20.675886 2.530933
2 22.480470 137.652556 -144.326292 -33.096296 13.078296 -20.113951 24.325239
2 61.853298 90.403714 -97.574779 -38.890102 -5.444283 -31.995731 21.647901
2 12.652834 125.340357 -114.741198 -33.488183 11.045213 -20.475692 19.666687
1 165.445317 58.653945 -144.772272 -77.264001 -5.552265 -52.310818 55.800127
2 -2.809298 96.291468 -41.631436 -19.292627 -7.680521 -13.084268 -11.793298
1 137.438190 94.513772 -175.107381 -68.452086 5.201598 -50.293319 56.699253
2 20.964737 78.837219 -27.641736 -30.515228 -12.215199 -17.998405 -11.431366
3 -117.164866 45.493554 67.124499 28.893848 -1.303140 35.886621 -58.930512
2 93.388625 114.130102 -171.683357 -56.814352 10.477739 -42.335413 52.836677
2 -163.584980 116.408984 82.590025 33.936567 -6.074651 27.762129 -91.038065
2 -146.046019 105.757467 58.489130 32.842958 -3.582849 26.014043 -73.474723
2 55.559319 113.354786 -141.958857 -37.910915 9.530513 -27.473193 28.898372
2 72.137416 96.537274 -94.673477 -46.088019 -5.174072 -39.148022 16.408914
3 -110.474394 40.457289 94.678836 20.256954 -9.498402 39.562148 -74.982409
2 -50.715767 83.136206 -7.890437 -10.091551 -1.446020 -1.287356 -11.705071
1 124.062097 77.056977 -142.208338 -56.229325 0.850701 -48.405149 44.873052
2 19.801204 82.226642 -64.444896 -12.527863 0.150100 -10.920689 -14.284478
2 76.428267 94.598371 -120.674647 -47.043132 -3.915012 -34.735180 35.341353
3 -157.825085 59.460458 86.935313 48.316512 -0.350204 48.012329 -84.549316
2 79.685746 132.696103 -164.502436 -71.280037 12.838523 -43.647358 54.209487
1 155.531300 68.922876 -174.531700 -64.943349 -0.508945 -51.241772 66.771620
1 102.676037 84.227282 -126.241774 -55.529684 -5.205823 -41.975002 42.048988
1 144.099826 50.007956 -139.189224 -52.637959 -9.112237 -44.177656 51.009316
2 68.166383 103.925069 -148.168168 -35.468073 9.409227 -28.176203 30.311785
2 -87.080597 94.900683 10.797869 10.143221 -0.190842 6.838458 -35.408792
1 134.796724 105.504100 -194.775657 -69.719333 6.062483 -50.861059 68.992769
2 21.099064 106.199979 -76.509455 -33.418018 -1.782482 -21.630557 6.041483
2 17.543659 99.293144 -71.710908 -21.935226 1.994392 -18.914907 -6.270136
2 -1.931575 102.999160 -36.928187 -40.546192 -7.124539 -15.373513 -1.095126
2 59.727914 102.482506 -118.492765 -40.406750 5.444691 -30.556332 21.800755
1 102.050756 94.167704 -149.878286 -51.404554 4.780848 -42.051944 42.335496
2 29.438604 145.384341 -159.564315 -41.294741 16.057466 -26.227138 36.205806
2 -1.213879 123.342240 -76.325784 -23.803766 2.253267 -16.104643 -8.147405
2 37.367148 79.162352 -73.600730 -38.038887 1.471555 -21.100182 14.738756
1 78.178175 70.665775 -106.340376 -35.733308 -4.885899 -27.021954 25.137607
1 99.258382 46.021113 -71.560185 -52.514525 -11.432032 -34.318055 24.545328
3 -88.996523 37.222634 71.784135 6.325163 -5.323246 30.892618 -51.904762
2 40.400958 149.753502 -174.284355 -52.010101 16.925930 -27.768250 46.982340
1 183.782668 61.382183 -188.990153 -77.807421 -0.491603 -59.842781 81.967136
